project,functions be overloadded(matched),funcitons_overload_2(matched),funcitons_overload_3(matched),min overload(matched),max overload(matched),max overload function(matched),functions be overloadded(all),funcitons_overload_2(all),funcitons_overload_3(all),min overload(all),max overload(all),max overload function(all)
uvicorn,0,0,0,0,0,,0,0,0,0,0,
